0,316
0,315
4,3
4,2
0,314
4,1
4,0
3,6
3,5
3,4
3,3
3,2
0,313
3,1
3,0
2,3
2,2
<<<<<<< Updated upstream
0,312
=======
>>>>>>> Stashed changes
2,1
2,0
1,3
1,2
<<<<<<< Updated upstream
0,311
1,1
1,0
0,4
=======
1,1
1,0
0,243
9,1
9,3
9,0
16,1
16,3
16,0
0,9
>>>>>>> Stashed changes
0,310
0,309
0,308
0,307
0,306
0,305
0,304
0,303
0,302
0,12
0,11
0,10
0,9
0,301
0,6
0,7
0,8
<<<<<<< Updated upstream
=======
0,0
0,429
>>>>>>> Stashed changes
0,300
0,428
0,299
0,427
0,298
0,426
0,297
0,425
0,296
0,424
0,295
0,423
0,294
0,422
0,293
0,421
0,292
0,420
0,291
0,419
0,290
0,289
0,417
0,288
0,416
0,287
0,418
0,286
0,415
0,285
0,414
0,284
0,413
0,283
0,412
0,282
0,411
0,281
0,410
0,280
0,279
0,409
0,278
0,407
0,277
0,406
0,276
0,405
0,275
0,404
0,274
0,273
0,402
0,272
0,401
0,271
0,403
0,270
0,400
0,269
0,399
0,268
0,398
0,267
0,397
0,266
0,396
0,265
0,395
0,264
0,263
0,394
0,262
0,393
0,261
0,392
0,260
0,259
0,390
0,258
0,389
0,257
0,391
0,256
0,388
0,255
0,387
0,254
0,253
0,386
0,252
0,385
0,251
0,250
0,249
0,384
0,248
0,383
0,247
0,382
0,246
0,381
0,245
0,380
0,244
<<<<<<< Updated upstream
0,243
=======
0,379
>>>>>>> Stashed changes
0,242
0,378
0,241
0,240
0,377
0,239
0,238
0,431
0,237
0,376
0,236
0,375
0,235
0,374
0,234
0,373
0,233
0,430
0,232
0,231
0,230
0,229
0,228
0,227
0,226
0,225
0,224
0,223
0,222
0,221
0,220
0,219
0,218
0,217
0,216
0,215
0,214
0,213
0,212
0,211
0,210
0,209
0,208
0,207
0,206
0,205
0,204
0,203
0,202
0,201
0,200
0,199
0,198
0,197
0,196
0,195
0,194
0,193
0,192
0,63
<<<<<<< Updated upstream
0,62
0,61
0,60
0,59
0,58
0,57
0,56
0,55
0,54
0,53
0,52
0,51
0,50
0,49
0,48
0,47
0,46
0,1
0,45
0,2
0,0
0,5
=======
>>>>>>> Stashed changes
